ScenePath=Saved/DefaultLevel.scene
SplitterH.SplitRatio=0.500000
PerspectiveCameraLocX3=-34.691994
PerspectiveCameraRotY1=0.000000
SplitterV.SplitRatio=0.500000
PerspectiveCameraLocY0=-2.476464
CameraSpeedSetting0=1
PerspectiveCameraRotX2=0.000000
ShowFlag1=54
CameraSpeedScalar0=1.200730
PerspectiveCameraLocX0=-20.416521
PerspectiveCameraRotY2=0.000000
GridSize0=10.000000
PerspectiveCameraLocZ0=33.150681
PerspectiveCameraRotX0=-0.000000
CameraSpeedSetting2=1
ShowFlag3=415
PerspectiveCameraRotY0=35.699993
PerspectiveCameraLocX2=0.000000
PerspectiveCameraRotZ0=-0.500000
ShowFlag0=254
CameraSpeedSetting1=1
PerspectiveCameraRotX3=0.000000
ViewMode0=2
ViewportType0=0
CameraSpeedScalar1=1.000000
GridSize1=10.000000
PerspectiveCameraLocX1=0.000000
PerspectiveCameraRotY3=13.900112
PerspectiveCameraLocY1=0.000000
ScreenHeight=961
PerspectiveCameraLocZ1=0.000000
PerspectiveCameraRotX1=0.000000
ShowFlag2=63
CameraSpeedSetting3=1
PerspectiveCameraRotZ1=0.000000
ViewMode1=4
ViewportType1=3
CameraSpeedScalar2=0.100000
GridSize2=10.000000
PerspectiveCameraLocY2=0.000000
PerspectiveCameraLocZ2=0.000000
PerspectiveCameraRotZ2=0.000000
ViewMode2=1
ScreenWidth=1384
ViewportType2=3
CameraSpeedScalar3=0.402002
GridSize3=10.000000
PerspectiveCameraLocY3=-9.990372
PerspectiveCameraLocZ3=13.040753
PerspectiveCameraRotZ3=-541.117493
ViewMode3=1
ViewportType3=0
bMultiView=0
ActiveViewportIndex=3
OrthoZoomSize=32.000000
OrthoPivotX=-96.915108
OrthoPivotY=-4.660973
OrthoPivotZ=17.304453
